9.370000000000000000e+02 2.310000000000000000e+02
9.170000000000000000e+02 2.630000000000000000e+02
8.960000000000000000e+02 2.950000000000000000e+02
8.740000000000000000e+02 3.280000000000000000e+02
8.520000000000000000e+02 3.630000000000000000e+02
8.290000000000000000e+02 3.970000000000000000e+02
8.060000000000000000e+02 4.350000000000000000e+02
8.820000000000000000e+02 2.310000000000000000e+02
8.620000000000000000e+02 2.620000000000000000e+02
8.410000000000000000e+02 2.930000000000000000e+02
8.180000000000000000e+02 3.280000000000000000e+02
7.960000000000000000e+02 3.610000000000000000e+02
7.720000000000000000e+02 3.970000000000000000e+02
7.480000000000000000e+02 4.320000000000000000e+02
8.310000000000000000e+02 2.330000000000000000e+02
8.090000000000000000e+02 2.630000000000000000e+02
7.860000000000000000e+02 2.970000000000000000e+02
7.640000000000000000e+02 3.280000000000000000e+02
7.420000000000000000e+02 3.630000000000000000e+02
7.180000000000000000e+02 3.960000000000000000e+02
6.920000000000000000e+02 4.330000000000000000e+02
7.780000000000000000e+02 2.340000000000000000e+02
7.570000000000000000e+02 2.640000000000000000e+02
7.340000000000000000e+02 2.960000000000000000e+02
7.100000000000000000e+02 3.290000000000000000e+02
6.870000000000000000e+02 3.630000000000000000e+02
6.630000000000000000e+02 3.990000000000000000e+02
6.370000000000000000e+02 4.330000000000000000e+02
7.280000000000000000e+02 2.360000000000000000e+02
7.030000000000000000e+02 2.660000000000000000e+02
6.810000000000000000e+02 2.980000000000000000e+02
6.590000000000000000e+02 3.300000000000000000e+02
6.330000000000000000e+02 3.640000000000000000e+02
6.090000000000000000e+02 3.970000000000000000e+02
5.840000000000000000e+02 4.350000000000000000e+02
6.770000000000000000e+02 2.370000000000000000e+02
6.550000000000000000e+02 2.680000000000000000e+02
6.310000000000000000e+02 3.000000000000000000e+02
6.070000000000000000e+02 3.310000000000000000e+02
5.810000000000000000e+02 3.620000000000000000e+02
5.580000000000000000e+02 3.980000000000000000e+02
5.310000000000000000e+02 4.320000000000000000e+02
6.280000000000000000e+02 2.390000000000000000e+02
6.050000000000000000e+02 2.660000000000000000e+02
5.810000000000000000e+02 3.000000000000000000e+02
5.570000000000000000e+02 3.310000000000000000e+02
5.310000000000000000e+02 3.650000000000000000e+02
5.060000000000000000e+02 3.980000000000000000e+02
4.790000000000000000e+02 4.320000000000000000e+02
