5.790000000000000000e+02 8.800000000000000000e+01
6.230000000000000000e+02 1.180000000000000000e+02
6.680000000000000000e+02 1.440000000000000000e+02
7.130000000000000000e+02 1.730000000000000000e+02
7.560000000000000000e+02 2.000000000000000000e+02
7.960000000000000000e+02 2.280000000000000000e+02
8.390000000000000000e+02 2.530000000000000000e+02
5.440000000000000000e+02 1.450000000000000000e+02
5.920000000000000000e+02 1.710000000000000000e+02
6.370000000000000000e+02 1.990000000000000000e+02
6.800000000000000000e+02 2.260000000000000000e+02
7.240000000000000000e+02 2.540000000000000000e+02
7.660000000000000000e+02 2.790000000000000000e+02
8.090000000000000000e+02 3.070000000000000000e+02
5.140000000000000000e+02 1.980000000000000000e+02
5.600000000000000000e+02 2.260000000000000000e+02
6.060000000000000000e+02 2.530000000000000000e+02
6.500000000000000000e+02 2.800000000000000000e+02
6.930000000000000000e+02 3.070000000000000000e+02
7.370000000000000000e+02 3.320000000000000000e+02
7.780000000000000000e+02 3.570000000000000000e+02
4.830000000000000000e+02 2.560000000000000000e+02
5.270000000000000000e+02 2.820000000000000000e+02
5.730000000000000000e+02 3.090000000000000000e+02
6.170000000000000000e+02 3.350000000000000000e+02
6.640000000000000000e+02 3.610000000000000000e+02
7.060000000000000000e+02 3.840000000000000000e+02
7.490000000000000000e+02 4.090000000000000000e+02
4.480000000000000000e+02 3.100000000000000000e+02
4.940000000000000000e+02 3.370000000000000000e+02
5.400000000000000000e+02 3.610000000000000000e+02
5.870000000000000000e+02 3.870000000000000000e+02
6.300000000000000000e+02 4.140000000000000000e+02
6.740000000000000000e+02 4.380000000000000000e+02
7.160000000000000000e+02 4.610000000000000000e+02
4.160000000000000000e+02 3.660000000000000000e+02
4.630000000000000000e+02 3.900000000000000000e+02
5.100000000000000000e+02 4.180000000000000000e+02
5.550000000000000000e+02 4.400000000000000000e+02
5.990000000000000000e+02 4.650000000000000000e+02
6.440000000000000000e+02 4.890000000000000000e+02
6.850000000000000000e+02 5.130000000000000000e+02
3.810000000000000000e+02 4.210000000000000000e+02
4.300000000000000000e+02 4.460000000000000000e+02
4.760000000000000000e+02 4.710000000000000000e+02
5.220000000000000000e+02 4.950000000000000000e+02
5.680000000000000000e+02 5.180000000000000000e+02
6.140000000000000000e+02 5.430000000000000000e+02
6.530000000000000000e+02 5.660000000000000000e+02
