0.000000000000000000e+00 -9.643313558074207981e-01 3.799840341520224207e-01 5.088133618758347687e+00
6.933333333333332907e-05 -1.525205426794220109e+00 3.662706238485109456e-01 5.079107840731657220e+00
1.386666666666666581e-04 -2.107600320879803313e+00 3.531212039284193915e-01 5.065044215715253095e+00
2.080000000000000143e-04 -2.694627281890621173e+00 3.387399811469314903e-01 5.054534682195649609e+00
2.773333333333333163e-04 -2.792209362942959849e+00 3.124876593477253217e-01 5.068642364434105652e+00
3.466666666666666724e-04 -2.719695491766800810e+00 2.938591442546732435e-01 5.086122582456773067e+00
4.160000000000000286e-04 -2.640784197372731512e+00 2.731101970860385642e-01 5.107221475650423947e+00
4.853333333333333306e-04 -2.556462005549827055e+00 2.502350035661244920e-01 5.129148320757020763e+00
5.546666666666666325e-04 -2.478800805865763568e+00 2.293655584365295597e-01 5.150982528737891641e+00
6.239999999999999887e-04 -2.403634031920258263e+00 2.089636250228601722e-01 5.170552736069256916e+00
6.933333333333333449e-04 -2.326863723706493303e+00 1.872399653904411043e-01 5.190133071955891353e+00
7.626666666666667010e-04 -2.261330519972315933e+00 1.676070039319026705e-01 5.205189542425224580e+00
8.320000000000000572e-04 -2.188263879362329689e+00 1.469742182128487840e-01 5.225705299921203917e+00
9.013333333333333050e-04 -2.117753021338907082e+00 1.290488778565850592e-01 5.245477564426879624e+00
9.706666666666666611e-04 -2.035474738166466846e+00 1.076337698185435010e-01 5.266998505102052697e+00
1.040000000000000126e-03 -1.958637597318234835e+00 8.945957548081059918e-02 5.288212962333334488e+00
1.109333333333333265e-03 -1.889844578403271580e+00 6.925442882480135898e-02 5.308330999164281749e+00
1.178666666666666621e-03 -1.820807460709126469e+00 4.666870450232925988e-02 5.327437225271637544e+00
1.247999999999999977e-03 -1.752658032720045611e+00 2.587670231032002111e-02 5.348017690346574149e+00
1.317333333333333334e-03 -1.696097620746399803e+00 4.748622897740223392e-03 5.363085096807687080e+00
1.386666666666666690e-03 -1.634528536317698011e+00 -1.558232300063493170e-02 5.381374960683255715e+00
1.456000000000000046e-03 -1.582966966919241214e+00 -3.743539305203842649e-02 5.393197609017805760e+00
1.525333333333333402e-03 -1.518127315720504189e+00 -5.857779063467053599e-02 5.411368577468213203e+00
1.594666666666666758e-03 -1.469440341536009331e+00 -8.034471007274970877e-02 5.422551149058138620e+00
1.664000000000000114e-03 -1.424176986741061413e+00 -9.570012912244013625e-02 5.434430834082572659e+00
1.733333333333333254e-03 -1.403264493638603838e+00 -9.843691505181219326e-02 5.441656034710275591e+00
